32152805
32155138
32155871
32258972
32265480
32265545
32266762
32269974
32270395
32276393
32276792
32281273
32285287
32286267
32294049
32295770
32298710
32301274
32301754
32302394
32302564
32302599
32303404
32304281
32304923
32305954
32307507
32308260
32311423
32311482
32312225
32312233
32312276
32312292
32320201
32326455
32334679
32337007
32343864
32344224
32344860
32345212
32358535
32361277
32439950
32441297
32442994
32450075
32452752
32453538
32475566
32554660
32556329
32558445
32559158
32559506
32561489
32562337
32562566
32565468
32565492
32565751
32567444
32649483
32652573
32656137
32657095
32657753
32661548
32665179
32668542
32671578
32674151
32675360
32677231
32761100
32766366
32768857
32770118
32774156
32777732
32780903
32785697
32786103
32788254
32826288
32831435
32833675
32834612
32834779
32835570
32841805
32879462
32880649
32882412
32884040
32884296
32887090
32888674
32890032
32892140
32893163
32895689
32937012
32940889
32940986
32942229
32946569
32947875
32948278
32948553
33033311
33034938
33037260
33038593
33040849
33044917
33048610
33048645
33052472
33054424
33061129
33061285
33063083
33065221
33067895
33077068
33078641
33080573
33084951
33146930
33148550
33149123
33155697
33157959
33158777
33165439
33167563
33240112
33241844
33241887
33244134
33244606
33268084
33353995
33357311
33357435
33360266
33363575
33364504
33364547
