34578443
34578486
34579415
34581673
34581770
34581886
34584044
34584249
34584591
34586780
34588112
34588244
34588848
34590478
34591180
34591326
34592896
34593094
34595054
34596735
34601437
34606765
34607036
34607109
34607842
34607893
34608202
34608830
34609950
34611297
34615535
34619786
34622590
34623600
34623902
34687889
34690421
34691916
34692262
34692858
34695059
34697019
34705437
34705755
34706166
34706948
34706980
34707537
34708363
34708487
34709092
34713553
34714606
34717834
34722277
34725829
34726906
34728046
34737231
34738696
34801142
34801169
34803641
34805024
34877378
34880603
34881367
34881499
34882002
34883076
34883815
34884889
34885583
34887039
34888388
34888523
34894965
34895309
34898936
34899010
34900760
34900779
34903808
34903867
34903875
35024662
35030565
35030573
35030999
35033866
35033874
35034730
35035397
35039074
35041249
35046186
35048162
35054839
35056599
35139575
35140247
35140352
35145141
35145532
35204865
35205241
35207279
35208224
35208925
35209735
35211071
35211918
35227385
35227903
35228365
35229485
35231072
35232788
35233598
35234489
35235604
35237208
35239057
35240845
35240926
35240934
35242287
35245235
35248358
35250824
35250832
35251804
35253440
35257802
35379355
35379630
35382569
35384928
35385495
35387285
35393609
35394680
35397558
35399968
35400788
35406891
35412492
35465596
35470239
35473041
