37614262
27507492
30082753
38605925
20841206
29609144
36490519
30827066
38492764
37855685
38509063
30365208
38403303
37077194
13229236
29239789
37957755
37776807
33360266
35641718
38308424
32657095
38460412
27504019
38302582
35670351
37840408
37822973
36542616
27959431
78352116
31857066
29626774
13825130
38395106
38456563
38365118
38413082
36558415
38761099
29823715
37457736
28321090
38151835
38768387
37690198
38353624
38842684
36722746
36720336
38607839
38816160
38318527
36995343
38181491
38754823
38405284
37184446
38471171
39137577
32565492
38527762
38638696
34706980
38469606
38834924
38547895
38570331
37546534
38471937
37541982
37135828
37071420
36534575
38912399
37693669
38403176
32562566
38392743
38647172
37072516
27229530
29845077
38753460
28968604
37310506
38912542
38375857
36501545
34072922
37981222
38303244
38818791
38384260
37915394
38771035
38835505
38459295
36063203
37440442
38705342
26196051
38463993
38971123
38510894
38657054
38544691
37522082
38678248
37383805
38404628
38701975
35836489
36060727
30536339
38711776
27251269
30899652
26318424
33146930
36078782
38767577
30077482
37434035
38364138
26282136
34212708
34230412
33077068
28884575
34462399
35648720
81796416
38504789
36998822
38524399
37235261
26865816
39153521
29239819
38415026
36890770
38393677
36489669
38290312
38322001
35046186
37440388
31048877
38609920
38927671
38484966
38631462
38631810
25472209
38461311
36060387
29632189
29621977
38737449
36454970
38419943
38668633
31499356
35833757
38335758
38756443
37172324
38574701
38286358
34888388
37509671
38675869
15180641
38037307
37819298
30488423
35893857
37420654
38455923
36922850
38412760
36079916
38524836
31048699
38611518
38815571
38636774
37561924
36468831
32649483
25781651
37902454
38779893
38619292
38636758
37120022
38488910
37208434
36709405
38673610
38414364
37158682
38321390
15452870
37158933
38541080
38057146
38318292
34881499
37776807
38006959
38527398
35805206
36454652
32326455
33500742
35637427
38690337
37415669
35872299
30732812
30805615
38195492
31475848
38321358
35397558
36539550
35868852
38602276
31857473
38622684
38403435
37829560
38534637
37622257
38330292
66642313
36060387
28870566
38707485
37416967
38551345
38992236
37831026
36061383
36065109
32304281
25636740
38447084
25651081
38340190
18149001
38247794
26865816
38548581
33501242
38885448
38662783
37495891
35642684
39053101
35649468
29923019
38913972
38802518
36023848
35677283
38516582
37287180
38518968
38586688
38586696
37577162
37343897
38819445
38436961
38345508
38637851
35229485
38988786
35525041
38531085
34601437
35239057
25816927
31299543
37522082
35048162
32768857
37419648
36491884
35033874
26648572
33864299
28120036
31170680
36443030
38347314
36553820
35227385
36078782
33951574
35859322
30234804
29508690
38789317
37604372
28658826
37376302
35866884
38404237
38367730
48578713
38202049
26080878
25952154
35641718
38460471
28282613
37376396
34880603
38571451
37279927
26998832
26998840
36423641
38592580
38650998
29627576
38637185
38606255
38565249
38830457
31056594
37336505
36907924
37225096
38210688
38359843
38386689
35039074
38982281
37245291
36036346
38582135
39062704
38001477
38336630
38678167
38550926
39053411
38712675
38487647
38491571
38487698
37216178
38552783
38609165
38405179
38690507
38344641
21720305
38345559
37415669
21798908
37269824
29524912
26493757
38544586
38741365
38430262
37791121
37115754
26891302
28507844
38522582
26601274
36453427
38365169
38600176
38466518
38385879
35227385
38318780
34584249
34591180
34591326
38450417
33781164
36549092
36916346
38326686
33961340
38926721
37356980
10162424
38521888
27394221
36897643
36046961
38665723
36015489
26414296
10042836
35893318
29605467
38361406
30560000
38695657
37860557
37776637
36700041
38684507
33371373
32948553
38788035
34584591
37370959
33244606
34737231
36692340
18149001
33961421
38391704
37934283
38401408
38403427
35253440
36987146
38413937
38585975
12613792
38429728
33872968
27507492
38638181
38687611
38630784
38511416
38773585
38695932
37993107
37698792
36949392
37142409
38649876
38648683
37570877
28860137
37082651
37818909
32072852
13767041
37107069
30077482
38708856
29399786
29627576
27920098
38601326
14211381
27635466
32281273
35030999
37500283
38621645
31616743
51613716
31749492
36039442
33860668
38652931
36713909
30615913
31862647
20395273
37660906
36713909
36559373
37842109
38759574
38583484
36721960
38432834
36912405
37751693
37505528
37616923
38539140
34713553
38760009
26676665
34722277
37793868
37006629
37469025
35839127
36943874
38623370
32320201
25950496
36959371
38544101
26798736
38828452
35844562
29823189
35823255
35823247
38846396
38704273
35211071
36444231
33241844
37837687
37102261
36059494
37387533
38812750
32143695
38460501
35822135
32656137
38394770
37546488
28975929
33765673
31616743
38599410
33363575
37648507
37984973
38684280
34737231
37203882
38567527
13229236
29239789
38660586
38457365
36065109
30921887
29215839
38671065
30903544
35649115
38398105
38936387
38573764
13467730
38567322
38573489
38327399
35844562
35646280
35646299
31869226
35039074
38697285
36993944
36019999
33865708
38898272
31785596
30597001
30597028
37529907
38332635
36461616
37597155
37570443
38860739
37178462
25444108
36937971
37498637
35630856
38495410
37655295
37650676
36411325
35030573
26648572
28103883
34590478
35475311
37450332
36935707
37356263
38361287
10469694
35856897
36185805
38732420
38625349
31334209
27524257
36033126
39066866
36737166
38306898
37440442
20096772
34801169
20104198
37427985
29416427
32072852
36543736
30802136
33390122
38750437
32442994
35868860
35034730
37654108
38651447
28867913
37042269
29776377
26671116
33512481
36699221
39189429
36425024
38491814
38465554
37774677
38576798
35054839
37669342
36551186
11214274
37751693
37755648
37701513
38951807
37688347
35030565
37363642
37498637
35484515
38465880
24232840
36726091
36957263
36556447
10071526
38013335
35479015
33067895
27580432
29809674
38659073
38650696
35647341
35647309
37475289
34478651
36727292
33867581
38650769
37079693
36074442
26998832
26998840
39085364
38525441
37389552
28282613
38543962
36993944
38524690
38620134
65473828
29412758
38724398
39013797
34607109
37662135
36394307
38302469
38424734
29531668
27437729
31157129
38617508
33765673
38442406
37583162
35251804
35250832
35250824
37124931
38559354
35240926
29416761
38296507
36726520
36730706
38443216
27959431
37186481
36705094
38593870
37662925
36705833
37634476
35854282
38858351
37157643
38584537
11214274
34609950
35818731
38249304
38442090
36985003
38640763
38490958
38446592
38505645
30196198
33037260
38656198
34454469
33880421
35891064
37522902
38424564
36046961
35859322
38563270
38590057
29823715
37140945
38844547
38524658
38616080
38525336
37759562
36541415
38680935
30799372
35823247
37688126
38447289
34480834
29241740
38952692
35838848
29632189
38408607
38502034
25609689
38677853
36737417
37415065
38624555
37643378
38580345
31168627
38618865
32285287
35227903
35228365
36553820
28985703
37493694
38545418
38561340
38037145
38037307
37053376
88891112
36484144
36484136
34045720
36402857
38395807
37469165
37458449
38695355
36539550
30556240
18979446
38905945
36498390
33958781
36962275
38662384
37876666
37583545
15290285
37392391
25943090
36404175
18753049
38378252
37776637
10016126
36408480
25182863
33501986
30241371
29845077
37197998
37704067
38585185
38771027
37543063
32841805
38586181
36698977
35893555
29776962
38353284
37610615
37456403
30359607
38475819
16882739
38442546
38476009
30279271
35855610
38475487
38645765
39145065
38299344
38702645
38404407
34687889
38674897
37840815
38629239
32441297
79404616
37006998
25619374
38430505
38695487
38404326
35474137
38700464
33970714
32661548
37601055
35205241
36472286
38632051
38658921
35677089
35659889
38558366
10788447
29917582
82527117
38649353
38665006
33502559
37817929
36053526
34903867
28867913
37680796
38521535
38939106
38559621
37676837
38297570
37280712
29011230
38310372
37758973
37759384
10040396
36488956
36015489
37572179
38205722
37954497
31050987
38596225
38345524
34895309
32077846
32077757
38668056
36987030
38448773
38350706
38348426
39000423
38344625
38893912
38900609
36713070
36962933
36962968
38551604
38331582
38460056
38424750
38335332
35819517
29694567
33167563
36542209
19280144
37454052
26416736
15297492
37751499
37172626
38685481
36086262
37429163
38408275
38598589
32558445
12079036
37802514
38717855
37053465
26671116
37748447
29776377
28860137
38663623
38312502
38209949
38742701
39022907
38388126
36063181
38703374
38294059
37063479
38293702
37429287
38443631
38805460
37246778
38447785
36063173
37061298
36060727
37839442
38697781
38712047
38052993
35240934
38475827
38686593
30234804
17731475
27929435
13730237
71175111
38541668
38677276
37182206
10121817
37517178
38362151
38439650
35893040
37072842
38581287
30918843
37893145
37689963
37626066
37634646
34045720
33958781
38502670
36709235
38448498
38570609
36462639
21497088
33378076
32567444
39079631
38766104
38583123
38310607
35474099
38812769
31862876
31753732
31753996
38841416
75437315
38931679
31077362
38319914
38399675
27192106
39009846
35802134
38661256
26332125
38453742
26080878
28992920
37791369
35828842
35811338
35811451
36692421
38894277
38779052
38575546
36947977
38634372
38391119
37406015
38569023
38628453
38591673
36502797
37685593
34607893
38397222
38537156
38634631
38537199
38354175
36442026
10225906
29389853
38638173
16599794
37454052
35647341
35647309
36953829
39100223
38853546
38333593
38587102
36490780
38806262
37693669
10226171
37746185
37740780
37879088
85752219
34057591
37031097
37635022
38305387
37780073
31744083
15016671
38718533
35257802
38272608
38356607
38699520
26887747
26668875
38375644
38697811
29809674
20694513
32668542
36931140
36893389
26313163
25691490
34354340
36700238
38761803
37434566
38490451
37559539
37589349
38345095
14145990
12226748
32940986
37171387
34714606
32075339
21194573
35024662
38821997
30921887
38526618
29529612
38380516
25067738
29391874
81894116
37637831
28137303
34801142
28137265
35242287
36983868
36905476
31369843
25663411
16273392
38505815
36538783
36508108
87538818
29401497
35659889
15387807
33592795
36908211
38467743
56719415
35661859
36730641
14558799
37744034
15234482
37746231
17451707
10063973
26478952
26486610
30833309
14708707
21490733
14878343
25495284
24232840
29603111
32070604
76246912
34214360
29824460
30284178
35823441
30826051
30812840
29191042
12065981
37414859
37667757
20674342
37422525
31076161
13870594
15502789
29600201
27527027
14982272
30354656
41303611
31274397
12157886
10118425
26926912
29136076
29137080
28480423
36465166
10155428
35891064
31156165
31062381
31063833
32675360
19807746
36711361
33753845
35869433
37098205
37101893
32475566
25459342
32345212
33033311
87819213
37775746
36712260
36939966
36551291
32334679
37693375
29221006
30606647
29220735
36036362
27247679
27048188
20825804
35653538
21939811
20472030
38248170
36488476
27045464
29510946
33581483
77437428
32777732
21181730
25356241
34619786
89654610
31598001
38021087
31079640
29810249
36895993
26561035
37593559
32312276
32312233
32312225
20102403
32312292
36683635
36685182
37755796
35465596
19728331
28311591
36025697
30537246
30537068
31252733
32301274
35811877
26125286
32786103
34213453
35890351
30537289
78466111
31415586
16161071
30353072
36561777
32826288
34903808
35891552
35837264
12901577
25221532
29418004
29012180
11077005
37557110
31885469
26224497
28320140
34079498
34717834
10099056
26934648
33240112
35843973
38024019
21161004
13924309
36547014
37618446
37422061
31429242
31054702
30517660
35487875
35487905
28701071
84300314
32834612
29200343
30708636
29805334
36552743
24256723
37805262
37429376
35839763
30912551
36716584
20960949
60003114
33644361
12790643
35816496
37364827
35379355
29411662
29529620
75101414
37628603
37802743
61017712
25395964
26996120
28156618
28156715
36059486
37557056
36023309
30718135
37691283
29198888
20783303
33357435
10535697
29394385
29393761
35486445
35486429
35486453
36908203
35208224
37655430
26409004
79293717
35035397
25273842
35674020
32303404
36708794
37612146
37578894
29924929
31938627
31938562
26534259
18623404
37637394
30918363
33502095
33501757
33506988
34623600
33038593
29690545
29620105
37569046
37641545
35836721
36929197
37090174
35856331
37563110
29630194
31880025
81866317
36685042
29694893
33501994
35838422
37409030
36081279
26110564
33165439
36397640
36919957
37898392
36494778
38193694
35033866
38061755
25510895
33393105
34595054
63665010
38231979
35848703
35204865
37825948
66867412
38012533
36712651
35682910
20407174
19781143
37902101
37821705
37513377
33504195
32677231
36926104
26093775
37997099
33860471
27527663
29220999
35235604
38188534
31771390
35816569
35816631
27158137
31865174
37076880
37824372
36556234
16048305
38214667
37992089
38102834
25657748
26430127
37784575
37751839
37965413
33766300
35869425
35869301
38214020
38270265
38278215
38288903
37531472
38099876
37989762
38161393
27362885
33866135
34705755
37925284
37854247
37101826
35237208
26249058
37122998
37122971
20411899
37249998
31748437
20941944
32155871
81836515
28098103
28129769
28115261
28293313
30491378
35379630
30490967
33364547
33875452
33875436
27590144
36395710
31601290
31601053
36416505
38069721
35844503
36038268
36015195
18775336
32884296
32884040
32344224
58683213
33647204
27183808
38143905
36976764
29919739
27462782
33585403
36891475
28860854
38029770
35818073
25061624
32302394
16990531
33764677
37987948
37908525
32893163
36904747
37375918
29833923
37863440
32565751
38284754
30085809
37529192
32266762
37287970
38190636
33768818
34690421
30547071
37578320
75996918
37529729
20760702
20760699
20760680
32083404
32286267
31483891
38162128
34230358
36958618
32308260
37670588
35891943
36198257
34615535
27098991
37861251
17169378
35856862
37668737
38377159
37655457
31933269
38299379
37004111
38133063
37741124
37692042
10292433
38231065
35470239
36721936
34708487
38054538
37665762
36080590
36412127
38229451
38228927
30726863
34588244
38207377
37800031
38194550
38194534
37918806
38210866
37983314
38182706
37868140
37863904
38288636
38284118
38154893
38153722
38256025
38109901
38108476
38109170
38310224
38310240
38131990
38216767
38216597
38216430
37999776
38147099
38126881
38051733
38140817
37890871
38052071
38234323
38215809
37983780
38103482
38191942
38125230
37995908
38221116
37840335
37832723
37832960
38189093
38264281
38131486
38252429
38282484
37242438
37924555
37242292
38251236
37942723
38217208
37941735
37888893
37924490
37924458
37850020
38020528
38067524
38300903
37993166
38067494
38177788
38165240
38291939
38121235
38160869
38164643
38133489
38277812
37986399
38101897
38151320
38027182
38236563
38199757
38199870
38004867
38205471
38205587
38077686
38255045
38241362
38295357
37995622
38004905
37988308
38077392
38256416
38230514
38219782
37894281
38002899
38176250
38205668
38260103
37917915
37902497
37997684
37956252
37874736
38176323
37971650
38042173
38253476
38149407
38226932
38004883
38119575
38187988
38271148
38175831
38252305
38258990
37967858
38048961
38077384
37971863
38174541
38163825
37971421
38069322
38009524
38036785
38061356
37930466
38076930
38149482
38057871
38183087
38174452
38117750
38203878
38245287
37987522
38065424
37960683
38236792
38144995
38205919
38215302
38281879
38113534
38286668
38158767
38212648
38207849
38149369
38220101
38022199
37867101
37866830
37867152
37866725
37813583
38040146
38197487
38154079
38194135
38039970
38116606
37948047
38040049
38040022
38280449
38282158
37904023
38195409
38207148
38148826
38141465
38178555
38066137
38206265
38290509
37870706
38159933
37895334
38007947
38136666
38170856
38179780
38138065
38068199
38068261
37951811
38110020
38065203
38077066
38196715
38189166
38149326
38209922
38206338
38162942
38246003
38173669
38279343
38279335
38044397
38248057
38300822
37934836
38152122
37942316
37955191
38260650
38291165
37948330
37837709
37904163
38036823
38220004
37951803
38072943
38143352
38102338
38139053
38012665
37903663
37966843
38243721
38020137
38036793
37891754
37978620
37986070
37954039
37951307
37910589
38157663
38171267
38034642
38206567
38001647
38073478
38276832
38069896
38276875
38181750
38147641
38175955
37971820
38215825
38149717
38275720
37810657
38025953
38304852
37851469
38257137
38279548
37965103
38174169
37944572
38176242
38031384
38225286
38110810
37843636
38103032
38255975
38039822
38219774
38042564
38032240
37912093
37938963
38186469
37930253
37945587
38288598
38210319
38135147
38162888
38249096
38077945
38201298
37944580
38218832
38128795
38187902
38233424
38009699
37918865
37920665
38168134
38167189
38272713
38115650
38116258
38061070
37911267
38183605
38223658
37847143
37842370
37950432
37919160
38198157
38205129
38113895
38516701
31863848
36081392
37597155
37301906
36074442
10225906
36497599
35827870
25091760
38976877
37102849
31863791
30537912
37454052
36564431
37519189
10226171
36047933
16599794
36538619
37088544
37088323
37088250
37088560
38356925
35382569
37693375
34212708
18979446
88891112
34212473
37469025
36015101
36401230
36405880
36045590
37139459
37623334
30066480
36408480
15519304
33501986
26810248
32559506
29788316
38073435
35637427
37241083
37605727
37343447
31862701
37218081
37744557
31856450
36908092
37456403
33506872
32835570
36532092
25495527
37703869
39144883
34885583
34884889
26282136
37574929
34581673
36716916
29827265
36063408
37616966
29795827
38014773
32946569
30694341
25495527
10461588
34608202
37570060
16638692
26810248
37139459
30914651
37437379
36497599
36499478
37428426
36497564
15649437
19688240
73739519
54210914
12624948
30583531
36090146
26796091
29816395
26747635
36015934
29827176
27522866
32141021
34578443
30583531
36982640
36683260
36684585
29628920
38300474
28657552
34608202
35647325
10130050
38467905
26778379
33158777
36041153
32320201
28968604
27207340
38552023
38992104
37833134
27972721
37861804
36733608
33961162
26701368
37469106
28656661
14999183
37669342
37755648
36984481
37701513
37688347
38494473
37068888
29828776
29628920
17015435
31606500
26796091
35827870
37370959
35681884
38044729
28717091
26747635
29816395
35643370
36544627
38542680
33961162
36901039
36075597
28717091
38337688
38975471
31424135
32294049
30578503
38380494
35245235
38778870
38772783
51513215
35645187
35831738
37833134
27635466
41326611
32098959
22405918
33858639
38532464
29537666
38615165
27504019
34611297
12624948
54210914
73739519
14375597
30707591
30707621
56113215
30707613
24206718
16759112
33364504
76152713
76152616
29816972
37426113
38368877
31177774
38366025
38365967
37544981
33364547
37427985
36548541
37789399
33785224
33867581
36700041
37098418
35660542
38107267
31259266
29405948
30195477
32265545
11798691
16377708
29788316
30355830
35872671
34579415
34073619
30610377
27526705
35533303
36405880
36401230
33585799
20458984
29448213
31083753
37121223
36698535
38536222
38536788
38535560
29405948
36498315
36498307
32788254
36546530
34888523
36684984
37868132
34588112
11463517
26535204
28330030
38436899
38587315
38584847
31617995
36561157
12371896
28496389
28498756
26278570
25437462
25542703
36499478
36497564
37827797
37209716
35681884
32895689
34074763
37686069
34488592
33952392
33952406
33952422
33952449
25611306
26898811
29325855
30516001
29261717
37184977
10123550
76152713
33771738
76152616
22405918
19028933
29624151
31617995
36717599
36717564
34706948
31301289
25611306
32780903
37617180
20908181
36201460
37221929
35393609
21494070
32152287
32147062
29781478
33040849
36985852
31861292
30600991
37815985
73269318
37588849
30707591
56113215
24206718
30707613
16759112
30707621
67268210
10063930
30512898
16585998
37580848
21034886
31062586
10121213
10047552
34697019
33968167
34888523
36411643
36090146
35634681
27927335
37406805
30526082
34695059
33952422
33952406
33952392
32768857
33771738
59948512
36974206
38399837
36425989
29538840
26986281
37665134
30607813
30553098
37860557
37393967
35822925
27504752
33951574
31745926
38515608
35248358
11798691
16377708
33061285
27651941
35532730
35240845
33371438
33965931
34581770
28303033
36459425
38504916
30712730
25985206
30284763
35671560
29845786
28712650
20532297
30818857
36471123
20123494
36561297
33034938
37546496
37601322
37776831
31406218
21158798
13845115
30355830
36564431
32295770
33862059
27437672
27328261
33155697
28511256
21158798
13845115
31406218
25056310
36425989
30825403
38561456
25332121
35649379
36918772
35649204
28284071
36450045
10121213
31062586
37303925
30814606
36902787
29940096
37166014
27013856
37827797
34086702
35830901
31880637
27220002
28150083
31577128
25452062
36053062
33044917
32559506
32098959
37249939
37789399
20294582
21395889
33858639
37604372
14999183
21825670
32358535
27252141
29689032
37225096
37172324
38348523
25380606
31633753
27220002
28150083
16585998
35518886
31633796
28502966
28975929
36083573
36438258
32937012
20556188
31782198
36503505
36503521
36715464
31861292
30562550
34713553
35825703
33379277
36978325
30606248
37497169
37496790
38648586
28982852
31588898
33078641
14712704
33382332
35632042
33385382
26835674
37512672
30598709
37350621
28292996
28292996
37280925
25628985
34458987
11376983
37588849
31624398
33962975
33961049
33960980
31633788
32302599
37876666
24231801
27252141
27480802
34457182
35520023
32087892
33945701
33061129
31422124
34691916
38501305
37182206
29141495
70352214
30284321
32780903
37289787
10063930
30512898
31422132
38723499
36450045
37076147
36498390
29527555
35643931
32141021
36015934
18709473
29526729
30065220
30715381
30703944
29825505
28116675
36418087
38561413
31050545
34883076
37558389
35866868
37432164
36712473
30715381
29526729
30065220
37446882
30703944
33591284
33379277
10461588
25259157
30712730
35671560
28303033
35240845
28712650
36561297
20532297
25985206
17035940
26080231
33034938
30284763
30818857
33371438
20123494
30898370
16753602
21070130
82453628
27068472
11300588
32942229
34581770
33965931
34803641
30898532
12184131
10155037
32559158
30208803
15047933
32095674
13201196
27096727
32671578
27618065
15133171
28521715
27068545
21108375
29803889
71355012
31182484
31178304
31165253
31751802
28720416
31165326
29809011
27968570
11463517
26684196
33155697
37195162
32556329
26836271
25452062
32265480
28503032
27013856
31745926
26798736
36546530
36550635
32785697
27968570
34474397
29845786
36083573
21628999
37270687
28656661
36402172
25150392
36550635
14320989
34487480
35640924
26851564
31743699
27005217
37250651
39194147
33157959
35632042
25560310
34606765
35811656
34738696
37790923
31894646
30712692
36199334
31767202
36914521
36905220
67140117
30610180
31177286
37763705
12371896
28707282
28707274
13825130
29626774
31857066
30527321
25259157
35387285
36550961
30512006
31633605
29393664
26602440
29687315
38498398
33960921
34584044
30272293
32269974
32565468
30600991
26381908
36401591
35637893
33378637
31481139
38590707
37387193
19944581
37655813
32063403
35858725
21805831
33065221
26294053
29631050
33368372
28497466
38645560
37055492
33643349
36922850
29620172
30566645
31501571
29398216
32937012
29221669
29693625
76987912
21835935
21565431
31894646
25140885
36401605
34309337
28720416
30178971
38753355
34705437
25056310
32096832
13273006
70471418
26080649
20908181
31514681
38633759
37354899
29141975
30613392
29441928
31624398
37350621
38425293
36733039
10047552
13012806
28658664
37231738
37070696
20176482
24251470
28849095
30613392
34278776
35819770
35809422
35412492
34887039
34592896
34593094
36060565
30690230
36683260
33964242
34578486
38027344
37682403
26836271
38538160
29687315
36437553
31174074
39064308
34586780
34470480
36701382
36554649
28503032
26314615
26905389
36028963
32785697
35670351
26061393
17035940
26080231
30898370
16753602
21070130
82453628
27068472
11300588
34803641
30898532
29627541
12184131
10155037
32559158
32942229
30208803
15047933
28899149
13201196
27096727
32671578
27618065
15133171
28521715
27068545
21108375
71355012
31182484
31178304
31165253
31751802
31165326
32947875
31633753
32888674
12743491
26803500
30988639
10048729
33771770
33573235
31371082
37424633
25460936
38355538
37250910
30811445
37617180
35648720
34607842
21369144
79120111
34588848
36031921
35399968
36496967
33861540
30561155
35232788
31855640
37622036
36542314
31472172
27693334
34885583
38289950
38513133
38667475
34884889
35640169
20176482
28282729
32307507
34608830
32337007
27401945
12743491
37544981
26369460
37907383
26127130
37849812
37376655
36904453
36923938
36894792
31774314
33778031
35802606
38760386
35682546
31580811
30598709
24231860
26799139
20144173
37254959
37253464
29429553
31579988
10123429
32833675
36393742
19918793
38679678
34722277
29607370
12203578
31880637
31863848
30272293
35672109
35847332
31633788
39030004
38594370
25628985
67140117
39085186
27251595
33861540
38754742
21754501
31894344
28513534
28704143
33493622
32305954
38415875
29780692
28862970
30278976
46418212
31249821
32831435
31633125
36538619
32770118
31365244
38399306
31365058
36434732
36434686
32301754
31170265
38753223
36548428
14712704
34214867
35649468
35833757
35642684
34457182
36974745
25460197
25790081
25459016
25472659
26321298
38827855
35633057
26665043
31481120
25789822
25607155
25607430
25607120
26322871
25458966
26322723
26321301
25788710
25819195
26168813
25786432
25819381
36546468
25819306
27527183
25607368
36184817
25607376
25786416
32947875
26322081
25460790
25607384
25461959
36906596
25788729
25790146
25787331
37579041
27222188
35672540
27651941
33955898
25786866
25458877
33865384
36396504
26835674
25819268
37768014
25786378
25607341
46643615
25786343
25460022
25786939
25786297
25461193
25607481
27526861
25789857
25460960
30598954
25607333
26722926
25460480
25461649
25460294
26322308
27527191
25607635
25459040
25607295
25607325
25819209
25786386
25819322
25607279
25607406
25458982
26322316
25460839
25607236
25786920
27527140
26321336
25607449
25786882
26322847
25819284
27505538
26899737
36697784
35664947
38506269
37822973
31633796
28675208
30208935
51513215
30699475
31947413
34883076
25356624
25790081
25460197
29816972
25459016
37623334
36716444
26321298
32774156
37376809
27526926
27526950
25787285
25607600
25607252
25817079
25819314
25819233
66310310
26322065
25458923
25607201
25607589
25607465
25786262
25790189
27527051
27526993
27526802
27527094
30896378
36438282
