20532297
20556188
20674342
20694114
20694513
20760680
20760699
20760702
20783303
20818972
20825804
20841206
20908181
20941944
20950706
20960949
21034886
21070130
21108375
21158798
21161004
21164593
21174734
21181730
21194573
21369144
21395889
21437581
21490733
21494070
21497088
21565431
21628999
21720305
21754501
21781177
21798908
21805831
21814407
21825670
21835935
21837385
21939811
22405918
23333112
24206718
24228487
24231674
24231801
24231860
24232840
24234126
24244318
24251470
24256723
25001966
25056310
25061624
25067738
25091760
25095103
25140885
25150392
25182863
25221532
25259157
25273842
25332121
25356241
25356624
25380606
25381351
25395964
25437462
25444108
25452062
25458877
25458923
25458966
25458982
25459016
25459040
25459342
25460022
25460197
25460294
25460480
25460790
25460839
25460936
25460960
25461193
25461649
25461959
25472209
25472659
25472748
25495284
25495527
25510895
25542703
25551443
25560248
25560310
25566769
25596358
25603508
25607120
25607155
25607201
25607236
25607252
25607279
25607295
25607325
25607333
25607341
25607368
25607376
25607384
25607406
25607430
25607449
25607465
25607481
25607589
25607600
25607635
25609689
25611306
25619374
25628985
25636740
25651081
25657748
25663411
25683463
25691490
25705173
25730666
25781651
25786262
25786297
25786343
25786378
25786386
25786416
25786432
25786866
25786882
