25789822
25607155
25607430
25607120
25458966
25788710
25786432
25786416
25607368
25607376
25460790
25607384
25461959
25787331
25788729
25786866
25458877
25786378
25607341
25786343
25786939
34709092
25460022
25607295
25786297
25461193
25607481
25789857
25460960
25607333
25460480
25596358
25461649
25460294
25607635
25459040
25607325
25786386
25607279
25607406
25458982
25460839
25607236
25786920
25607449
25786882
25786262
25787285
25607600
25607252
25458923
25607201
25607589
25607465
25460936
32665179
35041249
32155138
34706166
25705173
25596358
34725829
33244606
24231860
33157959
25472748
32562337
32879462
25566769
33149123
35234489
35233598
32304923
32834779
33148550
32258972
25381351
32276393
25551443
24228487
32652573
25560248
35208925
32344860
38942166
35030565
38986163
32674151
34883815
21034886
25551443
35145141
23333112
21814407
25380606
34588848
34881367
34898936
38910531
32453538
35385495
34623902
32562337
32879462
25566769
32674151
35384928
35030573
35056599
32887090
32152805
35046186
38846809
38876252
32652573
21837385
35145532
34608830
32657753
33078641
25683463
35145532
35033874
32892140
32556329
34881367
20818972
32880649
32361277
34607036
20694114
33063083
32565492
35233598
32761100
21781177
38888943
33048645
25603508
35140352
25095103
35400788
34581886
34692858
33363575
35140247
34581673
25001966
32439950
32276792
32298710
33080573
32940889
38869124
33357311
34596735
38846841
34801169
33353995
32311482
32311423
34805024
35240934
32270395
32452752
34726906
34903875
34728046
34578486
24231674
34903867
24244318
32450075
32948278
34894965
33244134
33241887
34882002
34899010
33048610
32561489
34877378
32892140
25705173
34692262
34708363
20950706
33054424
34707537
32882412
35207279
21437581
21164593
32766366
25472209
25730666
35231072
32302564
32343864
34726906
34899010
21174734
33063083
32554660
32657095
34900779
34900760
35394680
32835570
35406891
21835935
21565431
35139575
33084951
32890032
32294049
33268084
35400788
35231072
35211918
33052472
34880603
25444108
34622590
32948553
24234126
32302564
35209735
