10016126
10018862
10028655
10039118
10039266
10040396
10042836
10047552
10048729
10063930
10063973
10071526
10081920
10099056
10107954
10118425
10121213
10121817
10123429
10123550
10130050
10146313
10155037
10155428
10162424
10225906
10226171
10292433
10363284
10461588
10469694
10535697
10788447
11077005
11214274
11300588
11376983
11463517
11679099
11757804
11798691
12065981
12079036
12157886
12184131
12203578
12226748
12327676
12371896
12613792
12624948
12701748
12729979
12743491
12790643
12901577
13012806
13201196
13229236
13273006
13467730
13730237
13767041
13825130
13845115
13868549
13870594
13924309
14145990
14211381
14222871
14313087
14320989
14375597
14558799
14708707
14712704
14878343
14982272
14999183
15016671
15047933
15133171
15180641
15234482
15278609
15290285
15297492
15387807
15452870
15502789
15519304
15649437
16048305
16161071
16242446
16273392
16377708
16585998
16599794
16616176
16638692
16753602
16759112
16882739
16990531
17015435
17035940
17169378
17219170
17451707
17466100
17524674
17731475
18149001
18251981
18623404
18636948
18686643
18709473
18733382
18753049
18775336
18785145
18979446
19028933
19280144
19343111
19370305
19384306
19522407
19688240
19728331
19781143
19807746
19918793
19944581
20083905
20096772
20102403
20104198
20123494
20144173
20176482
20294582
20395273
20405708
20407174
20411899
20458984
20472030
