20532297
20556188
20674342
20694114
20694513
20760680
20760699
20760702
20783303
20818972
20825804
20841206
20908181
20941944
20950706
20960949
21034886
21070130
21108375
21158798
21161004
21164593
21174734
21181730
21194573
21369144
21395889
21437581
21490733
21494070
21497088
21565431
21628999
21720305
21754501
21781177
21798908
21805831
21814407
21825670
21835935
21837385
21939811
22405918
23333112
24206718
24228487
24231674
24231801
24231860
24232840
24234126
24244318
24251470
24256723
25001966
25056310
25061624
25067738
25091760
25095103
25140885
25150392
25182863
25221532
25259157
25273842
25332121
25356241
25356624
25380606
25381351
25395964
25437462
25444108
25452062
25458877
25458923
25458966
25458982
25459016
25459040
25459342
25460022
25460197
25460294
25460480
25460790
25460839
25460936
25460960
25461193
25461649
25461959
25472209
25472659
25472748
25495284
25495527
25510895
25542703
25551443
25560248
25560310
25566769
25596358
25603508
25607120
25607155
25607201
25607236
25607252
25607279
25607295
25607325
25607333
25607341
25607368
25607376
25607384
25607406
25607430
25607449
25607465
25607481
25607589
25607600
25607635
25609689
25611306
25619374
25628985
25636740
25651081
25657748
25663411
25683463
25691490
25705173
25730666
25781651
25786262
25786297
25786343
25786378
25786386
25786416
25786432
25786866
25786882
25786920
25786939
25787285
25787331
25788710
25788729
25789822
25789857
25790081
32152805
32155138
32155871
32258972
32265480
32265545
32266762
32269974
32270395
32276393
32276792
32281273
32285287
32286267
32294049
32295770
32298710
32301274
32301754
32302394
32302564
32302599
32303404
32304281
32304923
32305954
32307507
32308260
32311423
32311482
32312225
32312233
32312276
32312292
32320201
32326455
32334679
32337007
32343864
32344224
32344860
32345212
32358535
32361277
32439950
32441297
32442994
32450075
32452752
32453538
32475566
32554660
32556329
32558445
32559158
32559506
32561489
32562337
32562566
32565468
32565492
32565751
32567444
32649483
32652573
32656137
32657095
32657753
32661548
32665179
32668542
32671578
32674151
32675360
32677231
32761100
32766366
32768857
32770118
32774156
32777732
32780903
32785697
32786103
32788254
32826288
32831435
32833675
32834612
32834779
32835570
32841805
32879462
32880649
32882412
32884040
32884296
32887090
32888674
32890032
32892140
32893163
32895689
32937012
32940889
32940986
32942229
32946569
32947875
32948278
32948553
33033311
33034938
33037260
33038593
33040849
33044917
33048610
33048645
33052472
33054424
33061129
33061285
33063083
33065221
33067895
33077068
33078641
33080573
33084951
33146930
33148550
33149123
33155697
33157959
33158777
33165439
33167563
33240112
33241844
33241887
33244134
33244606
33268084
33353995
33357311
33357435
33360266
33363575
33364547
34578443
34578486
34579415
34581673
34581770
34581886
34584044
34584249
34584591
34586780
34588112
34588244
34588848
34590478
34591180
34591326
34592896
34593094
34595054
34596735
34601437
34606765
34607036
34607109
34607842
34607893
34608202
34608830
34609950
34611297
34615535
34619786
34622590
34623600
34623902
34687889
34690421
34691916
34692262
34692858
34695059
34697019
34705437
34705755
34706166
34706948
34706980
34707537
34708363
34708487
34709092
34713553
34714606
34717834
34722277
34725829
34726906
34728046
34737231
34738696
34801142
34801169
34803641
34805024
34877378
34880603
34881367
34881499
34882002
34883076
34883815
34884889
34885583
34887039
34888388
34888523
34894965
34895309
34898936
34899010
34900760
34900779
34903808
34903867
34903875
35024662
35030565
35030573
35030999
35033866
35033874
35034730
35035397
35039074
35041249
35046186
35048162
35054839
35056599
35139575
35140247
35140352
35145141
35145532
35204865
35205241
35207279
35208224
35208925
35209735
35211071
35211918
35227385
35227903
35228365
35229485
35231072
35232788
35233598
35234489
35235604
35237208
35239057
35240845
35240926
35240934
35242287
35245235
35248358
35250824
35250832
35251804
35253440
35257802
35379355
35379630
35382569
35384928
35385495
35387285
35393609
35394680
35397558
35399968
35400788
35406891
35412492
35465596
35470239
38806262
38812750
38812769
38815571
38816160
38818791
38819445
38821997
38827855
38828452
38830457
38834924
38835505
38841416
38842684
38844547
38846396
38846809
38846841
38853546
38858351
38860739
38869124
38876252
38885448
38888943
38893912
38894277
38898272
38900609
38905945
38910531
38912399
38912542
38913972
38926721
38927671
38931679
38936387
38939106
38942166
38951807
38952692
38971123
38975471
38976877
38982281
38986163
38988786
38992104
38992236
