38513524
25789822
25607155
25607430
25607120
25458966
26322871
27092764
26322723
26321301
25788710
25819195
25786432
25819381
25819306
27527183
25786416
30073037
25607368
25607376
26322081
25460790
25607384
25461959
25790146
19384306
25787331
25788729
25786866
25458877
25819268
25786378
25607341
25786343
25786939
34709092
38731521
29312540
38432419
13012806
38432125
11679099
25460022
25607295
25786297
25461193
25607481
32065449
27526861
25789857
25460960
25607333
25460480
25596358
25461649
25460294
26322308
27527191
25607635
25459040
25607325
25819209
25786386
25819322
25607279
25607406
25458982
26322316
25460839
25607236
25786920
29776849
30575822
27527140
26321336
25607449
25786882
25786262
26322847
28965923
28965915
25819284
27526926
27526950
25787285
25607600
25607252
25817079
25819314
25819233
26322065
25458923
27170803
25607201
25607589
25607465
32061974
86645912
32062113
25460936
32665179
25790189
27527051
27526993
27526802
31745047
27527094
39038285
39108712
37347043
35041249
37690767
30178971
29771804
26982944
28849826
32155138
30516907
34706166
34093008
34092125
36433469
30800745
46418212
37284319
31179440
25705173
26680409
29613508
30832515
33364601
76987912
35657452
35657444
31371392
35657436
27976530
35849823
38373498
38373439
38335278
27973884
25596358
36054247
31072026
36508442
10130050
34725829
34214867
28965427
37546496
31332575
33499124
29538840
36439106
38611445
37804290
38613839
33244606
37572179
36733608
30077199
30484681
24231860
26799139
33157959
25472748
26365058
36508442
33878702
38795031
33949014
36068205
30073037
32562337
32879462
25566769
33880960
36441453
36441658
26000742
30612140
31067685
33149123
37518417
28103956
37831980
35234489
35233598
32304923
32834779
34577110
10018862
31157218
30557999
31371082
27758150
28108532
27121578
28108516
34078025
29917078
30738500
37216186
31779081
27085954
32069657
29527962
14313087
26138396
36903635
38588125
38266039
33962975
27374905
27374883
37510122
28715676
36980826
33148550
29613540
29244154
38750321
38673750
31470307
31470846
36464550
36047933
37556866
30537912
31863791
29149801
32258972
36049146
25381351
36083131
27153062
29832943
34044570
32276393
37770876
29310610
26895650
26987598
33866526
25551443
35485430
29839824
24228487
36489669
32652573
13868549
31301351
27005217
25560248
30362594
35208925
26684196
28135246
36486473
30362594
38352369
38616692
32063659
38616641
32344860
37893544
34462399
32063659
36732857
29210276
30284399
28891156
38942166
31846765
38720775
37258334
36405627
16242446
26350565
37832529
38334948
35030565
36735805
36477172
38986163
31086523
38434209
31086442
32674151
31780888
36477075
11757804
31780837
33575858
18686643
34488827
38650343
26803500
36451750
28502982
31894344
29784140
35819770
29140111
29398038
29839824
33375034
35667016
27616852
30827996
20083905
32077757
34883815
32077846
21034886
31850088
30516907
29971943
35672109
14222871
28347642
11757804
25551443
31587697
33372108
35145141
10363284
73147417
23333112
28108532
28108516
49696116
36415436
21814407
33771770
35682546
25380606
36727292
37389684
38661779
33754833
34588848
38534793
38326465
37832561
33573235
36469218
30484681
38686917
36468629
37744034
37746231
34881367
36731230
35868410
35642676
36416106
38280902
34898936
38314645
36943874
38910531
37405000
37831980
32453538
38708260
35385495
38598309
34623902
28862237
32562337
32879462
25566769
38418599
33880960
36441453
36441658
27466052
73444217
37832529
37538884
62384514
33372116
33571836
55772215
32674151
49649428
28314639
35384928
87469816
12701748
30905989
35030573
12729979
30906004
30905997
36691182
20405708
35056599
38629786
33506023
38651722
37806919
38651633
26122627
38767666
30198220
27663427
28282729
31743699
36065176
30004272
36081392
32887090
87120910
37264687
30800745
32152805
35525467
10039118
33772270
35532366
33956665
37676837
38320130
38320114
38319795
38319868
25809165
35046186
10039266
36691182
27438733
31332575
34043760
37099910
30004272
38846809
30814606
34309337
38876252
29604088
37798592
35676430
36065141
36562447
32652573
38602764
21837385
56128913
31165660
35657452
35657444
35657436
31190177
30564103
37907251
34216177
35145532
36914297
38508709
28312393
27596401
30722957
78735228
38463055
31488230
28147333
28314582
38644742
30244907
36978880
27959482
34608830
32657753
36890681
36185465
33576277
27438733
37469165
33383029
31061660
33078641
30518691
27778984
37458449
31048494
25683463
35145532
35033874
35518657
26738393
26455502
35518223
29809224
18251981
36897295
35866868
35818731
36069120
31770068
33878753
35864253
38473964
37697257
32892140
38755307
38755560
33883757
32556329
29194688
34881367
36084235
36084219
20818972
28102569
27916112
36423021
37113166
37113263
36406429
30507037
32880649
32361277
37756741
34607036
27235166
20694114
35667016
38181491
27662374
26407125
31085403
17466100
33063083
32099998
27662366
73186811
37690767
32565492
31371392
35233598
30068335
32761100
38613022
28894996
36902175
21781177
38467069
35837116
48256511
38888943
28979126
38606336
30564863
30505336
27957781
33947763
33048645
36026111
25603508
35140352
27706479
26032695
31937884
37685593
37590215
25095103
36026189
38791265
35866884
37131008
15278609
33392893
27357792
35400788
38719254
38613561
34581886
31174406
34692858
35874089
37806730
27966187
33363575
31939658
28675208
10028655
35140247
29239819
34581673
30701259
31846765
25001966
25804589
32439950
37106062
25815475
31939038
31172969
37116432
37116823
33963491
38638718
26053056
38526707
30208935
36432276
32276792
36725982
29800537
37614769
36919426
37617997
36045930
36432306
29394997
29395101
36552026
36974796
32298710
27000754
36933623
27505538
36933623
38581074
33080573
36893419
29310610
31084474
32940889
30564863
30505336
27230571
37786012
15649437
38869124
39032961
36542314
38667866
29776849
33357311
34596735
30817737
38846841
38151835
29843376
37098418
34801169
39056941
60511519
36480629
33353995
16882739
36051051
30592441
29940096
38476335
27916775
29694923
33500335
19522407
37608122
32311482
32311423
36491884
38728504
36902175
34468605
34073376
34805024
30716124
31164826
29149100
35240934
33644027
33382332
35664947
38635964
82859128
34212473
32270395
32452752
36903651
29604088
34726906
30905989
30905997
30906004
28103883
27111238
36946520
17524674
28862237
38568787
36898178
78021012
35473041
33502559
28515367
37751499
34903875
70660210
37034657
35677089
36998326
28330022
36075597
36437197
36035099
30495659
31481732
35841598
19370305
31182468
34728046
38611267
38680781
38681354
38680412
39007657
34578486
33383002
19343111
87120910
36715340
30565622
24231674
34903867
33378637
24244318
30516923
60978913
34351600
33955197
30565282
32450075
35840737
28715676
31050545
36460490
31491118
27583350
27959555
29613540
30574583
16616176
38350757
32948278
27357792
36894989
34894965
35851860
34487715
27916112
33244134
30562550
33241887
34882002
29396604
29398933
36935707
37892718
36426322
38450360
33591284
33878702
34899010
33048610
32561489
34877378
32892140
36060409
37406236
25705173
37180130
38407082
33866941
36541415
37691879
34692262
36894326
34708363
27222188
30427793
37416282
31597803
27758150
20950706
30360893
38741136
37832561
29447489
30920732
29169403
31610761
33054424
18636948
26899737
31051541
18251981
26993008
33593279
36943963
27763863
37034096
37106267
32148069
34707537
63733016
31600456
28895526
28895542
19522407
34459231
36501677
34211574
38479709
34211558
31275709
32882412
38996320
28895534
34211566
35207279
38357522
34050570
36488719
37545198
36272015
35817670
36450037
21437581
21164593
37339008
28995067
32766366
10081920
29426392
28870566
28884575
27920934
34079366
25472209
29621977
30536339
31499356
25730666
27000134
37031771
31764971
35231072
32302564
26406846
26309921
36907924
30738055
32343864
31762979
31497248
38655531
37825662
32086039
36426322
36562447
31858143
36034920
38591770
35630457
35643567
17219170
29784140
33581661
26913632
28656327
36405945
26908981
38595172
26340063
30070623
30487990
36700238
29426392
37469831
31877067
28710895
10123429
34726906
34899010
31946891
33509162
27740243
27278930
32143695
27170943
38323148
30516923
29441928
37376302
38432915
36937572
38433091
33865708
33961340
21174734
37466921
38129112
73336813
36068787
28301359
29419884
29215839
28300883
27721737
38635786
38606107
28985703
37771031
28477597
37339199
12327676
38149547
37678341
35673008
30284399
28891156
36405627
37809233
29177724
36731230
33781164
33063083
32554660
30914724
30914716
38210688
36468831
31855640
38210009
36068205
33957904
32657095
36041935
36060409
29414475
34900779
34900760
37940909
36016299
36537426
37360104
35394680
36453427
38014773
29833672
35822925
18686643
32835570
26738393
37497169
33390122
35406891
29149100
35647325
36534982
38742302
31785596
37416282
21835935
31576105
21565431
35664866
35664858
35139575
38460110
28965915
28965923
36185465
27092764
38016296
36707623
38057146
36045752
33084951
31167051
27251269
30899652
18785145
27237061
36726520
33754833
38347101
32890032
36730706
31946891
36705094
36705833
37170194
36480629
35677283
36023848
36468637
35853901
36493887
37775754
37374679
32294049
37561924
37691879
37496790
36443030
33268084
37343897
35400788
35231072
36059494
31421179
35874089
35211918
33052472
31753791
38347357
34211574
10107954
10146313
27223427
37797685
38587269
31048699
34211566
34211558
36404108
36699620
34880603
35811885
25444108
30496760
27981690
36087463
35855505
31067634
37374679
34622590
37190195
36725761
29973776
36910658
32948553
39182777
33371373
24234126
38648810
18733382
30196198
37580848
26675596
31066751
28865465
28663730
28663714
36689145
32302564
37698792
36066350
38452827
35209735
34458987
