38513524
26322871
27092764
26322723
26321301
25819195
25819381
25819306
27527183
30073037
26322081
25790146
19384306
25819268
38731521
29312540
38432419
13012806
38432125
11679099
32065449
27526861
26322308
27527191
25819209
25819322
26322316
29776849
30575822
27527140
26321336
26322847
28965923
28965915
25819284
27526926
27526950
25817079
25819314
25819233
26322065
27170803
32061974
86645912
32062113
25790189
27527051
27526993
27526802
31745047
27527094
39038285
39108712
37347043
37690767
30178971
29771804
26982944
28849826
30516907
34093008
34092125
36433469
30800745
46418212
37284319
31179440
26680409
29613508
30832515
33364601
76987912
35657452
35657444
31371392
35657436
27976530
35849823
38373498
38373439
38335278
27973884
36054247
31072026
36508442
10130050
34214867
28965427
37546496
31332575
33499124
29538840
36439106
38611445
37804290
38613839
37572179
36733608
30077199
30484681
26799139
26365058
36508442
33878702
38795031
33949014
36068205
30073037
33880960
36441453
36441658
26000742
30612140
31067685
37518417
28103956
37831980
34577110
10018862
31157218
30557999
31371082
27758150
28108532
27121578
28108516
34078025
29917078
30738500
37216186
31779081
27085954
32069657
29527962
14313087
26138396
36903635
38588125
38266039
33962975
27374905
27374883
37510122
28715676
36980826
29613540
29244154
38750321
38673750
31470307
31470846
36464550
36047933
37556866
30537912
31863791
29149801
36049146
36083131
27153062
29832943
34044570
37770876
29310610
26895650
26987598
33866526
35485430
29839824
36489669
13868549
31301351
27005217
30362594
26684196
28135246
36486473
30362594
38352369
38616692
32063659
38616641
37893544
34462399
32063659
36732857
29210276
30284399
28891156
31846765
38720775
37258334
36405627
16242446
26350565
37832529
38334948
36735805
36477172
31086523
38434209
31086442
31780888
36477075
11757804
31780837
33575858
18686643
34488827
38650343
26803500
36451750
28502982
31894344
29784140
35819770
29140111
29398038
29839824
33375034
35667016
27616852
30827996
20083905
32077757
32077846
31850088
30516907
29971943
35672109
14222871
28347642
11757804
31587697
33372108
10363284
73147417
28108532
28108516
49696116
36415436
33771770
35682546
36727292
37389684
38661779
33754833
38534793
38326465
37832561
33573235
36469218
30484681
38686917
36468629
37744034
37746231
36731230
35868410
35642676
36416106
38280902
38314645
36943874
37405000
37831980
38708260
38598309
28862237
38418599
33880960
36441453
36441658
27466052
73444217
37832529
37538884
62384514
33372116
33571836
55772215
49649428
28314639
87469816
12701748
30905989
12729979
30906004
30905997
36691182
20405708
38629786
33506023
38651722
37806919
38651633
26122627
38767666
30198220
27663427
28282729
31743699
36065176
30004272
36081392
87120910
37264687
30800745
35525467
10039118
33772270
35532366
33956665
37676837
38320130
38320114
38319795
38319868
25809165
10039266
36691182
27438733
31332575
34043760
37099910
30004272
30814606
34309337
29604088
37798592
35676430
36065141
36562447
38602764
56128913
31165660
35657452
35657444
35657436
31190177
30564103
37907251
34216177
36914297
38508709
28312393
27596401
30722957
78735228
38463055
31488230
28147333
28314582
38644742
30244907
36978880
27959482
36890681
36185465
33576277
27438733
37469165
33383029
31061660
30518691
27778984
37458449
31048494
35518657
26738393
26455502
35518223
29809224
18251981
36897295
35866868
35818731
36069120
31770068
33878753
35864253
38473964
37697257
38755307
38755560
33883757
29194688
36084235
36084219
28102569
27916112
36423021
37113166
37113263
36406429
30507037
37756741
27235166
35667016
38181491
27662374
26407125
31085403
17466100
32099998
27662366
73186811
37690767
31371392
30068335
38613022
28894996
36902175
38467069
35837116
48256511
28979126
38606336
30564863
30505336
27957781
33947763
36026111
27706479
26032695
31937884
37685593
37590215
36026189
38791265
35866884
37131008
15278609
33392893
27357792
38719254
38613561
31174406
35874089
37806730
27966187
31939658
28675208
10028655
29239819
30701259
31846765
25804589
37106062
25815475
31939038
31172969
37116432
37116823
33963491
38638718
26053056
38526707
30208935
36432276
36725982
29800537
37614769
36919426
37617997
36045930
36432306
29394997
29395101
36552026
36974796
27000754
36933623
27505538
36933623
38581074
36893419
29310610
31084474
30564863
30505336
27230571
37786012
15649437
39032961
36542314
38667866
29776849
30817737
38151835
29843376
37098418
39056941
60511519
36480629
16882739
36051051
30592441
29940096
38476335
27916775
29694923
33500335
19522407
37608122
36491884
38728504
36902175
34468605
34073376
30716124
31164826
29149100
33644027
33382332
35664947
38635964
82859128
34212473
36903651
29604088
30905989
30905997
30906004
28103883
27111238
36946520
17524674
28862237
38568787
36898178
78021012
35473041
33502559
28515367
37751499
70660210
37034657
35677089
36998326
28330022
36075597
36437197
36035099
30495659
31481732
35841598
19370305
31182468
38611267
38680781
38681354
38680412
39007657
33383002
19343111
87120910
36715340
30565622
33378637
30516923
60978913
34351600
33955197
30565282
35840737
28715676
31050545
36460490
31491118
27583350
27959555
29613540
30574583
16616176
38350757
27357792
36894989
35851860
34487715
27916112
30562550
29396604
29398933
36935707
37892718
36426322
38450360
33591284
33878702
36060409
37406236
37180130
38407082
33866941
36541415
37691879
36894326
27222188
30427793
37416282
31597803
27758150
30360893
38741136
37832561
29447489
30920732
29169403
31610761
18636948
26899737
31051541
18251981
26993008
33593279
36943963
27763863
37034096
37106267
32148069
63733016
31600456
28895526
28895542
19522407
34459231
36501677
34211574
38479709
34211558
31275709
38996320
28895534
34211566
38357522
34050570
36488719
37545198
36272015
35817670
36450037
37339008
28995067
10081920
29426392
28870566
28884575
27920934
34079366
29621977
30536339
31499356
27000134
37031771
31764971
26406846
26309921
36907924
30738055
31762979
31497248
38655531
37825662
32086039
36426322
36562447
31858143
36034920
38591770
35630457
35643567
17219170
29784140
33581661
26913632
28656327
36405945
26908981
38595172
26340063
30070623
30487990
36700238
29426392
37469831
31877067
28710895
10123429
31946891
33509162
27740243
27278930
32143695
27170943
38323148
30516923
29441928
37376302
38432915
36937572
38433091
33865708
33961340
37466921
38129112
73336813
36068787
28301359
29419884
29215839
28300883
27721737
38635786
38606107
28985703
37771031
28477597
37339199
12327676
38149547
37678341
35673008
30284399
28891156
36405627
37809233
29177724
36731230
33781164
30914724
30914716
38210688
36468831
31855640
38210009
36068205
33957904
36041935
36060409
29414475
37940909
36016299
36537426
37360104
36453427
38014773
29833672
35822925
18686643
26738393
37497169
33390122
29149100
35647325
36534982
38742302
31785596
37416282
31576105
35664866
35664858
38460110
28965915
28965923
36185465
27092764
38016296
36707623
38057146
36045752
31167051
27251269
30899652
18785145
27237061
36726520
33754833
38347101
36730706
31946891
36705094
36705833
37170194
36480629
35677283
36023848
36468637
35853901
36493887
37775754
37374679
37561924
37691879
37496790
36443030
37343897
36059494
31421179
35874089
31753791
38347357
34211574
10107954
10146313
27223427
37797685
38587269
31048699
34211566
34211558
36404108
36699620
35811885
30496760
27981690
36087463
35855505
31067634
37374679
37190195
36725761
29973776
36910658
39182777
33371373
38648810
18733382
30196198
37580848
26675596
31066751
28865465
28663730
28663714
36689145
37698792
36066350
38452827
34458987
