25790146
25790189
25804589
25809165
25815475
25816927
25817079
25819195
25819209
25819233
25819268
25819284
25819306
25819314
25819322
25819381
25943090
25950496
25952154
25985206
26000742
26032695
26053056
26061393
26080231
26080649
26080878
26093775
26110564
26122627
26125286
26127130
26138396
26168813
26196051
26224497
26249058
26278570
26282136
26294053
26309921
26313163
26314615
26318424
26321298
26321301
26321336
26322065
26322081
26322308
26322316
26322723
26322847
26322871
26332125
26340063
26350565
26365058
26369460
26381908
26406846
26407125
26409004
26414296
26416736
26430127
26455502
26478952
26486610
26493757
26534259
26535204
26561035
26601274
26602440
26648572
26665043
26668875
26671116
26675596
26676665
26680409
26684196
26701368
26722926
26738393
26747635
26778379
26796091
26798736
26799139
26803500
26810248
26835674
26836271
26851564
26865816
26887747
26891302
26895650
26898811
26899737
26905389
26908981
26913632
26926912
26934648
26982944
26986281
26987598
26993008
26996120
26998832
26998840
27000134
27000754
27005217
27013856
27045464
27048188
27068472
27068545
27085954
27092764
27096727
27098991
27111238
27121578
27153062
27158137
27170803
27170943
27183808
27192106
27207340
27220002
27222188
27223427
27229530
27230571
27235166
27237061
27247679
27251269
27251595
27252141
27278930
27328261
27357792
27362885
27374883
27374905
27394221
27401945
27437672
27437729
27438733
27462782
27466052
27480802
27504019
27504752
27505538
27507492
27522866
27524257
27526705
27526802
27526861
27526926
27526950
27526993
27527027
27527051
27527094
27527140
27527183
27527191
27527663
27580432
27583350
27590144
27596401
27616852
27618065
27635466
27651941
27662366
27662374
27663427
27693334
27706479
27721737
27740243
27758150
27763863
27778984
27916112
27916775
27920098
27920934
27927335
27929435
27957781
27959431
27959482
27959555
27966187
27968570
27972721
27973884
27976530
27981690
28098103
28102569
28103883
28103956
28108516
28108532
28115261
28116675
28120036
28129769
28135246
28137265
28137303
28147333
28150083
28156618
28156715
28282613
28282729
28284071
28292996
28293313
28300883
28301359
28303033
28311591
28312393
28314582
28314639
28320140
28321090
28330022
28330030
28347642
28477597
28480423
28496389
28497466
28498756
28502966
28502982
28503032
28507844
28511256
28513534
28515367
28521715
28656327
28656661
28657552
28658664
28658826
28663714
28663730
28675208
28701071
28704143
28707274
28707282
28710895
28712650
28715676
28717091
28720416
28849095
28849826
28860137
28860854
28862237
28862970
28865465
28867913
28870566
28884575
28891156
28894996
28895526
28895534
28895542
28899149
28965427
28965915
28965923
28968604
28975929
28979126
28982852
28985703
28992920
28995067
29011230
29012180
29136076
29137080
29140111
29141495
29141975
29149100
29149801
29169403
29177724
29191042
29194688
29198888
29200343
29210276
29215839
29220735
29220999
29221006
29221669
29239789
29239819
29241740
29244154
29261717
29310610
29312540
29325855
29389853
29391874
29393664
29393761
29394385
29394997
29395101
29396604
29398038
29398216
29398933
29399786
29401497
29405948
29411662
29412758
29414475
29416427
29416761
29418004
29419884
29426392
29429553
29441928
29447489
29448213
29508690
29510946
29524912
29526729
29527555
29527962
29529612
29529620
29531668
29537666
29538840
29600201
29603111
29604088
29605467
29607370
29609144
29613508
29613540
29620105
29620172
29621977
29624151
29626774
29627541
29627576
29628920
29630194
29631050
29632189
29687315
29689032
29690545
29693625
29694567
29694893
29694923
29771804
29776377
29776849
29776962
29780692
29781478
29784140
29788316
29795827
29800537
29803889
29805334
29809011
29809224
29809674
29810249
29816395
29816972
29823189
29823715
29824460
29825505
29827176
29827265
29828776
29832943
29833672
29833923
29839824
29843376
29845077
29845786
29917078
29917582
29919739
29923019
29924929
29940096
29971943
29973776
30004272
30065220
30066480
30068335
30070623
30073037
30077199
30077482
30082753
30085809
30178971
30195477
30196198
30198220
30208803
30208935
30234804
30241371
30244907
30272293
30278976
30279271
30284178
30284321
30284399
30284763
30353072
30354656
30355830
30359607
30360893
30362594
30365208
30427793
30484681
30487990
30488423
30490967
30491378
30495659
30496760
30505336
30507037
30512006
30512898
30516001
30516907
30516923
30517660
30518691
30526082
30527321
30536339
30537068
30537246
30537289
30537912
30547071
30553098
30556240
30557999
30560000
30561155
30562550
30564103
30564863
30565282
30565622
30566645
30574583
30575822
30578503
30583531
30592441
30597001
30597028
30598709
30598954
30600991
30606248
30606647
30607813
30610180
30610377
30612140
30613392
30615913
30690230
30694341
30699475
30701259
30703944
30707591
30707613
30707621
30708636
30712692
30712730
30715381
30716124
30718135
30722957
30726863
30732812
30738055
30738500
30799372
30800745
30802136
30805615
30811445
30812840
30814606
30817737
30818857
30825403
30826051
30827066
30827996
30832515
30833309
30896378
30898370
30898532
30899652
30903544
30905989
30905997
30906004
30912551
30914651
30914716
30914724
30918363
30918843
30920732
30921887
30988639
31048494
31048699
31048877
31050545
31050987
31051541
31054702
31056594
31061660
31062381
31062586
31063833
31066751
31067634
31067685
31072026
31076161
31077362
31079640
31083753
31084474
31085403
31086442
31086523
31156165
31157129
31157218
31164826
31165253
31165326
31165660
31167051
31168627
31170265
31170680
31172969
31174074
31174406
31177286
31177774
31178304
31179440
31182468
31182484
31190177
31249821
31252733
31259266
31274397
31275709
31299543
31301289
31301351
31332575
31334209
31365058
31365244
31369843
31371082
31371392
31406218
31415586
31421179
31422124
31422132
31424135
31429242
31470307
31470846
31472172
31475848
31481120
31481139
31481732
31483891
31488230
31491118
31497248
31499356
31501571
31514681
31576105
31577128
31579988
31580811
31587697
31588898
31597803
31598001
31600456
31601053
31601290
31606500
31610761
31616743
31617995
31624398
31633125
31633605
31633753
31633788
31633796
31743699
31744083
31745047
31745926
31748437
31749492
31751802
31753732
31753791
31753996
31762979
31764971
31767202
31770068
31771390
31774314
31779081
31780837
31780888
31782198
31785596
31846765
31850088
31855640
31856450
31857066
31857473
31858143
31861292
31862647
31862701
31862876
31863791
31863848
31865174
31869226
31877067
31880025
31880637
31885469
31894344
31894646
31933269
31937884
31938562
31938627
31939038
31939658
31946891
31947413
32061974
32062113
32063403
32063659
32065449
32069657
32070604
32072852
32075339
32077757
32077846
32083404
32086039
32087892
32095674
32096832
32098959
32099998
32141021
32143695
32147062
32148069
32152287
32152805
32155138
32155871
32258972
32265480
32265545
32266762
32269974
32270395
32276393
32276792
32281273
32285287
32286267
32294049
32295770
32298710
32301274
32301754
32302394
32302564
32302599
32303404
32304281
32304923
32305954
32307507
32308260
32311423
32311482
32312225
32312233
32312276
32312292
32320201
32326455
32334679
32337007
32343864
32344224
32344860
32345212
32358535
32361277
32439950
32441297
32442994
32450075
32452752
32453538
32475566
32554660
32556329
32558445
32559158
32559506
32561489
32562337
32562566
32565468
32565492
32565751
32567444
32649483
32652573
32656137
32657095
32657753
32661548
32665179
32668542
32671578
32674151
32675360
32677231
32761100
32766366
32768857
32770118
32774156
32777732
32780903
32785697
32786103
32788254
32826288
32831435
32833675
32834612
32834779
32835570
32841805
32879462
32880649
32882412
32884040
32884296
32887090
32888674
32890032
32892140
32893163
32895689
32937012
32940889
32940986
32942229
32946569
32947875
32948278
32948553
33033311
33034938
33037260
33038593
33040849
33044917
33048610
33048645
33052472
33054424
33061129
33061285
33063083
33065221
33067895
33077068
33078641
33080573
33084951
33146930
33148550
33149123
33155697
33157959
33158777
33165439
33167563
33240112
33241844
33241887
33244134
33244606
33268084
33353995
33357311
33357435
33360266
33363575
33364504
33364547
33364601
33368372
33371373
33371438
33372108
33372116
33375034
33378076
33378637
33379277
33382332
33383002
33383029
33385382
33390122
33392893
33393105
33493622
33499124
33500335
33500742
33501242
33501757
33501986
33501994
33502095
33502559
33504195
33506023
33506872
33506988
33509162
33512481
33571836
33573235
33575858
33576277
33581483
33581661
33585403
33585799
33591284
33592795
33593279
33643349
33644027
33644361
33647204
33753845
33754833
33764677
33765673
33766300
33768818
33771738
33771770
33772270
33778031
33781164
33785224
33858639
33860471
33860668
33861540
33862059
33864299
33865384
33865708
33866135
33866526
33866941
33867581
33872968
33875436
33875452
33878702
33878753
33880421
33880960
33883757
33945701
33947763
33949014
33951574
33952392
33952406
33952422
33952449
33955197
33955898
33956665
33957904
33958781
33960921
33960980
33961049
33961162
33961340
33961421
33962975
33963491
33964242
33965931
33968167
33970714
34043760
34044570
34045720
34050570
34057591
34072922
34073376
34073619
34074763
34078025
34079366
34079498
34086702
34092125
34093008
34211558
34211566
34211574
34212473
34212708
34213453
34214360
34214867
34216177
34230358
34230412
34278776
34309337
34351600
34354340
34454469
34457182
34458987
34459231
34462399
34468605
34470480
34474397
34478651
34480834
34487480
34487715
34488592
34488827
34577110
34578443
34578486
34579415
34581673
34581770
34581886
34584044
34584249
34584591
34586780
34588112
34588244
34588848
34590478
34591180
34591326
34592896
34593094
34595054
34596735
34601437
34606765
34607036
34607109
34607842
34607893
34608202
34608830
34609950
34611297
34615535
34619786
34622590
34623600
34623902
34687889
34690421
34691916
34692262
34692858
34695059
34697019
34705437
34705755
34706166
34706948
34706980
34707537
34708363
34708487
34709092
34713553
34714606
34717834
34722277
34725829
34726906
34728046
34737231
34738696
34801142
34801169
34803641
34805024
34877378
34880603
34881367
34881499
34882002
34883076
34883815
34884889
34885583
34887039
34888388
34888523
34894965
34895309
34898936
34899010
34900760
34900779
34903808
34903867
34903875
35024662
35030565
35030573
35030999
35033866
35033874
35034730
35035397
35039074
35041249
35046186
35048162
35054839
35056599
35139575
35140247
35140352
35145141
35145532
35204865
35205241
35207279
35208224
35208925
35209735
35211071
35211918
35227385
35227903
35228365
35229485
35231072
35232788
35233598
35234489
35235604
35237208
35239057
35240845
35240926
35240934
35242287
35245235
35248358
35250824
35250832
35251804
35253440
35257802
35379355
35379630
35382569
35384928
35385495
35387285
35393609
35394680
35397558
35399968
35400788
35406891
35412492
35465596
35470239
35473041
35474099
35474137
35475311
35479015
35484515
35485430
35486429
35486445
35486453
35487875
35487905
35518223
35518657
35518886
35520023
35525041
35525467
35532366
35532730
35533303
35630457
35630856
35632042
35633057
35634681
35637427
35637893
35640169
35640924
35641718
35642676
35642684
35643370
35643567
35643931
35645187
35646280
35646299
35647309
35647325
35647341
35648720
35649115
35649204
35649379
35649468
35653538
35657436
35657444
35657452
35659889
35660542
35661859
35664858
35664866
35664947
35667016
35670351
35671560
35672109
35672540
35673008
35674020
35676430
35677089
35677283
35681884
35682546
35682910
35802134
35802606
35805206
35809422
35811338
35811451
35811656
35811877
35811885
35816496
35816569
35816631
35817670
35818073
35818731
35819517
35819770
35822135
35822925
35823247
35823255
35823441
35825703
35827870
35828842
35830901
35831738
35833757
35836489
35836721
35837116
35837264
35838422
35838848
35839127
35839763
35840737
35841598
35843973
35844503
35844562
35847332
35848703
35849823
35851860
35853901
35854282
35855505
35855610
35856331
35856862
35856897
35858725
35859322
35864253
35866868
35866884
35868410
35868852
35868860
35869301
35869425
35869433
35872299
35872671
35874089
35890351
35891064
35891552
35891943
35893040
35893318
35893555
35893857
36015101
36015195
36015489
36015934
36016299
36019999
36023309
36023848
36025697
36026111
36026189
36028963
36031921
36033126
36034920
36035099
36036346
36036362
36038268
36039442
36041153
36041935
36045590
36045752
36045930
36046961
36047933
36049146
36051051
36053062
36053526
36054247
36059486
36059494
36060387
36060409
36060565
36060727
36061383
36063173
36063181
36063203
36063408
36065109
36065141
36065176
36066350
36068205
36068787
36069120
36074442
36075597
36078782
36079916
36080590
36081279
36081392
36083131
36083573
36084219
36084235
36086262
36087463
36090146
36184817
36185465
36185805
36198257
36199334
36201460
36272015
36393742
36394307
36395710
36396504
36397640
36401230
36401591
36401605
36402172
36402857
36404108
36404175
36405627
36405880
36405945
36406429
36408480
36411325
36411643
36412127
36415436
36416106
36416505
36418087
36423021
36423641
36425024
36425989
36426322
36432276
36432306
36433469
36434686
36434732
36437197
36437553
36438258
36438282
36439106
36441453
36441658
36442026
36443030
36444231
36450037
36450045
36451750
36453427
36454652
36454970
36459425
36460490
36461616
36462639
36464550
36465166
36468629
36468637
36468831
36469218
36471123
36472286
36477075
36477172
36480629
36484136
36484144
36486473
36488476
36488719
36488956
36489669
36490519
36490780
36491884
36493887
36494778
36496967
36497564
36497599
36498307
36498315
36498390
36499478
36501545
36501677
36502797
36503505
36503521
36508108
36508442
36532092
36534575
36534982
36537426
36538619
36538783
36539550
36541415
36542209
36542314
36542616
36543736
36544627
36546468
36546530
36547014
36548428
36548541
36549092
36550635
36550961
36551186
36551291
36552026
36552743
36553820
36554649
36556234
36556447
36558415
36559373
36561157
36561297
36561777
36562447
36564431
36683260
36683635
36684585
36684984
36685042
36685182
36689145
36691182
36692340
36692421
36697784
36698535
36698977
36699221
36699620
36700041
36700238
36701382
36705094
36705833
36707623
36708794
36709235
36709405
36711361
36712260
36712473
36712651
36713070
36713909
36715340
36715464
36716444
36716584
36716916
36717564
36717599
36720336
36721936
36721960
36722746
36725761
36725982
36726091
36726520
36727292
36730641
36730706
36731230
36732857
36733039
36733608
36735805
36737166
36737417
36890681
36890770
36891475
36893389
36893419
36894326
36894792
36894989
36895993
36897295
36897643
36898178
36901039
36902175
36902787
36903635
36903651
36904453
36904747
36905220
36905476
36906596
36907924
36908092
36908203
36908211
36910658
36912405
36914297
36914521
36916346
36918772
36919426
36919957
36922850
36923938
36926104
36929197
36931140
36933623
36935707
36937572
36937971
36939966
36943874
36943963
36946520
36947977
36949392
36953829
36957263
36958618
36959371
36962275
36962933
36962968
36974206
36974745
36974796
36976764
36978325
36978880
36980826
36982640
36983868
36984481
36985003
36985852
36987030
36987146
36993944
36995343
36998326
36998822
37004111
37006629
37006998
37031097
37031771
37034096
37034657
37042269
37053376
37053465
37055492
37061298
37063479
37068888
37070696
37071420
37072516
37072842
37076147
37076880
37077194
37079693
37082651
37088250
37088323
37088544
37088560
37090174
37098205
37098418
37099910
37101826
37101893
37102261
37102849
37106062
37106267
37107069
37113166
37113263
37115754
37116432
37116823
37120022
37121223
37122971
37122998
37124931
37131008
37135828
37139459
37140945
37142409
37157643
37158682
37158933
37166014
37170194
37171387
37172324
37172626
37178462
37180130
37182206
37184446
37184977
37186481
37190195
37195162
37197998
37203882
37208434
37209716
37216178
37216186
37218081
37221929
37225096
37231738
37235261
37241083
37242292
37242438
37245291
37246778
37249939
37249998
37250651
37250910
37253464
37254959
37258334
37264687
37269824
37270687
37279927
37280712
37280925
37284319
37287180
37287970
37289787
37301906
37303925
37310506
37336505
37339008
37339199
37343447
37343897
37347043
37350621
37354899
37356263
37356980
37360104
37363642
37364827
37370959
37374679
37375918
37376302
37376396
37376655
37376809
37383805
37387193
37387533
37389552
37389684
37392391
37393967
37405000
37406015
37406236
37406805
37409030
37414859
37415065
37415669
37416282
37416967
37419648
37420654
37422061
37422525
37424633
37426113
37427985
37428426
37429163
37429287
37429376
37432164
37434035
37434566
37437379
37440388
37440442
37446882
37450332
37454052
37456403
37457736
37458449
37466921
37469025
37469106
37469165
37469831
37475289
37493694
37495891
37496790
37497169
37498637
37500283
37505528
37509671
37510122
37512672
37513377
37517178
37518417
37519189
37522082
37522902
37529192
37529729
37529907
37531472
37538884
37541982
37543063
37544981
37545198
37546488
37546496
37546534
37556866
37557056
37557110
37558389
37559539
37561924
37563110
37569046
37570060
37570443
37570877
37572179
37574929
37577162
37578320
37578894
37579041
37580848
37583162
37583545
37588849
37589349
37590215
37593559
37597155
37601055
37601322
37604372
37605727
37608122
37610615
37612146
37614262
37614769
37616923
37616966
37617180
37617997
37618446
37622036
37622257
37623334
37626066
37628603
37634476
37634646
37635022
37637394
37637831
37641545
37643378
37648507
37650676
37654108
37655295
37655430
37655457
37655813
37660906
37662135
37662925
37665134
37665762
37667757
37668737
37669342
37670588
37676837
37678341
37680796
37682403
37685593
37686069
37688126
37688347
37689963
37690198
37690767
37691283
37691879
37692042
37693375
37693669
37697257
37698792
37701513
37703869
37704067
37740780
37741124
37744034
37744557
37746185
37746231
37748447
37751499
37751693
37751839
37755648
37755796
37756741
37758973
37759384
37759562
37763705
37768014
37770876
37771031
37774677
37775746
37775754
37776637
37776807
37776831
37780073
37784575
37786012
37789399
37790923
37791121
37791369
37793868
37797685
37798592
37800031
37802514
37802743
37804290
37805262
37806730
37806919
37809233
37810657
37813583
37815985
37817929
37818909
37819298
37821705
37822973
37824372
37825662
37825948
37827797
37829560
37831026
37831980
37832529
37832561
37832723
37832960
37833134
37837687
37837709
37839442
37840335
37840408
37840815
37842109
37842370
37843636
37847143
37849812
37850020
37851469
37854247
37855685
37860557
37861251
37861804
37863440
37863904
37866725
37866830
37867101
37867152
37868132
37868140
37870706
37874736
37876666
37879088
37888893
37890871
37891754
37892718
37893145
37893544
37894281
37895334
37898392
37902101
37902454
37902497
37903663
37904023
37904163
37907251
37907383
37908525
37910589
37911267
37912093
37915394
37917915
37918806
37918865
37919160
37920665
37924458
37924490
37924555
37925284
37930253
37930466
37934283
37934836
37938963
37940909
37941735
37942316
37942723
37944572
37944580
37945587
37948047
37948330
37950432
37951307
37951803
37951811
37954039
37954497
37955191
37956252
37957755
37960683
37965103
37965413
37966843
37967858
37971421
37971650
37971820
37971863
37978620
37981222
37983314
37983780
37984973
37986070
37986399
37987522
37987948
37988308
37989762
37992089
37993107
37993166
37995622
37995908
37997099
37997684
37999776
38001477
38001647
38002899
38004867
38004883
38004905
38006959
38007947
38009524
38009699
38012533
38012665
38013335
38014773
38016296
38020137
38020528
38021087
38022199
38024019
38025953
38027182
38027344
38029770
38031384
38032240
38034642
38036785
38036793
38036823
38037145
38037307
38039822
38039970
38040022
38040049
38040146
38042173
38042564
38044397
38044729
38048961
38051733
38052071
38052993
38054538
38057146
38057871
38061070
38061356
38061755
38065203
38065424
38066137
38067494
38067524
38068199
38068261
38069322
38069721
38069896
38072943
38073435
38073478
38076930
38077066
38077384
38077392
38077686
38077945
38099876
38101897
38102338
38102834
38103032
38103482
38107267
38108476
38109170
38109901
38110020
38110810
38113534
38113895
38115650
38116258
38116606
38117750
38119575
38121235
38125230
38126881
38128795
38129112
38131486
38131990
38133063
38133489
38135147
38136666
38138065
38139053
38140817
38141465
38143352
38143905
38144995
38147099
38147641
38148826
38149326
38149369
38149407
38149482
38149547
38149717
38151320
38151835
38152122
38153722
38154079
38154893
38157663
38158767
38159933
38160869
38161393
38162128
38162888
38162942
38163825
38164643
38165240
38167189
38168134
38170856
38171267
38173669
38174169
38174452
38174541
38175831
38175955
38176242
38176250
38176323
38177788
38178555
38179780
38181491
38181750
38182706
38183087
38183605
38186469
38187902
38187988
38188534
38189093
38189166
38190636
38191942
38193694
38194135
38194534
38194550
38195409
38195492
38196715
38197487
38198157
38199757
38199870
38201298
38202049
38203878
38205129
38205471
38205587
38205668
38205722
38205919
38206265
38206338
38206567
38207148
38207377
38207849
38209922
38209949
38210009
38210319
38210688
38210866
38212648
38214020
38214667
38215302
38215809
38215825
38216430
38216597
38216767
38217208
38218832
38219774
38219782
38220004
38220101
38221116
38223658
38225286
38226932
38228927
38229451
38230514
38231065
38231979
38233424
38234323
38236563
38236792
38241362
38243721
38245287
38246003
38247794
38248057
38248170
38249096
38249304
38251236
38252305
38252429
38253476
38255045
38255975
38256025
38256416
38257137
38258990
38260103
38260650
38264281
38266039
38270265
38271148
38272608
38272713
38275720
38276832
38276875
38277812
38278215
38279335
38279343
38279548
38280449
38280902
38281879
38282158
38282484
38284118
38284754
38286358
38286668
38288598
38288636
38288903
38289950
38290312
38290509
38291165
38291939
38293702
38294059
38295357
38296507
38297570
38299344
38299379
38300474
38300822
38300903
38302469
38302582
38303244
38304852
38305387
38306898
38308424
38310224
38310240
38310372
38310607
38312502
38314645
38318292
38318527
38318780
38319795
38319868
38319914
38320114
38320130
38321358
38321390
38322001
38323148
38326465
38326686
38327399
38330292
38331582
38332635
38333593
38334948
38335278
38335332
38335758
38336630
38337688
38340190
38344625
38344641
38345095
38345508
38345524
38345559
38347101
38347314
38347357
38348426
38348523
38350706
38350757
38352369
38353284
38353624
38354175
38355538
38356607
38356925
38357522
38359843
38361287
38361406
38362151
38364138
38365118
38365169
38365967
38366025
38367730
38368877
38373439
38373498
38375644
38375857
38377159
38378252
38380494
38380516
38384260
38385879
38386689
38388126
38391119
38391704
38392743
38393677
38394770
38395106
38395807
38397222
38398105
38399306
38399675
38399837
38401408
38403176
38403303
38403427
38403435
38404237
38404326
38404407
38404628
38405179
38405284
38407082
38408275
38408607
38412760
38413082
38413937
38414364
38415026
38415875
38418599
38419943
38424564
38424734
38424750
38425293
38429728
38430262
38430505
38432125
38432419
38432834
38432915
38433091
38434209
38436899
38436961
38439650
38442090
38442406
38442546
38443216
38443631
38446592
38447084
38447289
38447785
38448498
38448773
38450360
38450417
38452827
38453742
38455923
38456563
38457365
38459295
38460056
38460110
38460412
38460471
38460501
38461311
38463055
38463993
38465554
38465880
38466518
38467069
38467743
38467905
38469606
38471171
38471937
38473964
38475487
38475819
38475827
38476009
38476335
38479709
38484966
38487647
38487698
38488910
38490451
38490958
38491571
38491814
38492764
38494473
38495410
38498398
38501305
38502034
38502670
38504789
38504916
38505645
38505815
38506269
38508709
38509063
38510894
38511416
38513133
38513524
38515608
38516582
38516701
38518968
38521535
38521888
38522582
38524399
38524658
38524690
38524836
38525336
38525441
38526618
38526707
38527398
38527762
38531085
38532464
38534637
38534793
38535560
38536222
38536788
38537156
38537199
38538160
38539140
38541080
38541668
38542680
38543962
38544101
38544586
38544691
38545418
38547895
38548581
38550926
38551345
38551604
38552023
38552783
38558366
38559354
38559621
38561340
38561413
38561456
38563270
38565249
38567322
38567527
38568787
38569023
38570331
38570609
38571451
38573489
38573764
38574701
38575546
38576798
38580345
38581074
38581287
38582135
38583123
38583484
38584537
38584847
38585185
38585975
38586181
38586688
38586696
38587102
38587269
38587315
38588125
38590057
38590707
38591673
38591770
38592580
38593870
38594370
38595172
38596225
38598309
38598589
38599410
38600176
38601326
38602276
38602764
38605925
38606107
38606255
38606336
38607839
38609165
38609920
38611267
38611445
38611518
38613022
38613561
38613839
38615165
38616080
38616641
38616692
38617508
38618865
38619292
38620134
38621645
38622684
38623370
38624555
38625349
38628453
38629239
38629786
38630784
38631462
38631810
38632051
38633759
38634372
38634631
38635786
38635964
38636758
38636774
38637185
38637851
38638173
38638181
38638696
38638718
38640763
38644742
38645560
38645765
38647172
38648586
38648683
38648810
38649353
38649876
38650343
38650696
38650769
38650998
38651447
38651633
38651722
38652931
38655531
38656198
38657054
38658921
38659073
38660586
38661256
38661779
38662384
38662783
38663623
38665006
38665723
38667475
38667866
38668056
38668633
38671065
38673610
38673750
38674897
38675869
38677276
38677853
38678167
38678248
38679678
38680412
38680781
38680935
38681354
38684280
38684507
38685481
38686593
38686917
38687611
38690337
38690507
38695355
38695487
38695657
38695932
38697285
38697781
38697811
38699520
38700464
38701975
38702645
38703374
38704273
38705342
38707485
38708260
38708856
38711776
38712047
38712675
38717855
38718533
38719254
38720775
38723499
38724398
38728504
38731521
38732420
38737449
38741136
38741365
38742302
38742701
38750321
38750437
38753223
38753355
38753460
38754742
38754823
38755307
38755560
38756443
38759574
38760009
38760386
38761099
38761803
38766104
38767577
38767666
38768387
38771027
38771035
38772783
38773585
38778870
38779052
38779893
38788035
38789317
38791265
38795031
38802518
38805460
38806262
38812750
38812769
38815571
38816160
38818791
38819445
38821997
38827855
38828452
38830457
38834924
38835505
38841416
38842684
38844547
38846396
38846809
38846841
38853546
38858351
38860739
38869124
38876252
38885448
38888943
38893912
38894277
38898272
38900609
38905945
38910531
38912399
38912542
38913972
38926721
38927671
38931679
38936387
38939106
38942166
38951807
38952692
38971123
38975471
38976877
38982281
38986163
38988786
38992104
38992236
38996320
39000423
39007657
39009846
39013797
39022907
39030004
39032961
39038285
39053101
39053411
39056941
39062704
39064308
39066866
39079631
39085186
39085364
39100223
39108712
39137577
39144883
39145065
39153521
39182777
39189429
39194147
41303611
41326611
46418212
46643615
48256511
48578713
49649428
49696116
51513215
51613716
54210914
55772215
56113215
56128913
56719415
58683213
59948512
60003114
60511519
60978913
61017712
62384514
63665010
63733016
65473828
66310310
66642313
66867412
67140117
67268210
70352214
70471418
70660210
71175111
71355012
73147417
73186811
73269318
73336813
73444217
73739519
75101414
75437315
75996918
76152616
76152713
76246912
76987912
77437428
78021012
78352116
78466111
78735228
79120111
79293717
79404616
81796416
81836515
81866317
81894116
82453628
82527117
82859128
84300314
85752219
86645912
87120910
87469816
87538818
87819213
88891112
89654610
