38806262
38812750
38812769
38815571
38816160
38818791
38819445
38821997
38827855
38828452
38830457
38834924
38835505
38841416
38842684
38844547
38846396
38846809
38846841
38853546
38858351
38860739
38869124
38876252
38885448
38888943
38893912
38894277
38898272
38900609
38905945
38910531
38912399
38912542
38913972
38926721
38927671
38931679
38936387
38939106
38942166
38951807
38952692
38971123
38975471
38976877
38982281
38986163
38988786
38992104
38992236
38996320
39000423
39007657
39009846
39013797
39022907
39030004
39032961
39038285
39053101
39053411
39056941
39062704
39064308
39066866
39079631
39085186
39085364
39100223
39108712
39137577
39144883
39145065
39153521
39182777
39189429
39194147
41303611
41326611
46418212
46643615
48256511
48578713
49649428
49696116
51513215
51613716
54210914
55772215
56113215
56128913
56719415
58683213
59948512
60003114
60511519
60978913
61017712
62384514
63665010
63733016
65473828
66310310
66642313
66867412
67140117
67268210
70352214
70471418
70660210
71175111
71355012
73147417
73186811
73269318
73336813
73444217
73739519
75101414
75437315
75996918
76152616
76152713
76246912
76987912
77437428
78021012
78352116
78466111
78735228
79120111
79293717
79404616
81796416
81836515
81866317
81894116
82453628
82527117
82859128
84300314
85752219
86645912
87120910
87469816
87538818
87819213
88891112
89654610
